--------------------------------------------------------------------------------------------------------------------------------------------------------
  Bin Id    Marker lineage   # genomes   # markers   # marker sets   0     1    2    3    4   5+   Completeness   Contamination   Strain heterogeneity  
--------------------------------------------------------------------------------------------------------------------------------------------------------
  bin_41       Bacteria         5449        104            58        0    104   0    0    0   0       100.00           0.00               0.00          
  bin_16       Bacteria         5449        104            58        1    102   0    1    0   0       99.84            3.45              33.33          
  bin_38       Bacteria         5449        104            58        1     61   21   8    7   6       98.28           71.19               3.16          
  bin_57       Bacteria         5449        104            58        2     41   14   12   7   28      98.12           290.18              4.06          
  bin_47       Bacteria         5449        104            58        2    102   0    0    0   0       96.55            0.00               0.00          
  bin_29       Bacteria         5449        104            58        2     99   3    0    0   0       96.55            3.45              66.67          
  bin_55       Bacteria         5449        104            58        7     96   1    0    0   0       95.92            1.72               0.00          
  bin_4        Bacteria         5449        104            58        3     92   9    0    0   0       95.69           12.93              88.89          
  bin_81       Bacteria         5449        104            58        4     36   61   3    0   0       94.83           72.02               0.00          
  bin_63       Bacteria         5449        104            58        4     99   1    0    0   0       94.83            0.86              100.00         
  bin_46       Bacteria         5449        104            58        3     95   6    0    0   0       94.83            5.49              33.33          
  bin_74       Bacteria         5449        104            58        10    64   21   6    2   1       92.65           61.36               1.64          
  bin_48       Bacteria         5449        104            58        20    77   7    0    0   0       91.79            9.48              14.29          
  bin_89       Bacteria         5449        104            58        7     97   0    0    0   0       91.38            0.00               0.00          
  bin_24       Bacteria         5449        104            58        7     76   21   0    0   0       91.22           18.65              57.14          
  bin_6        Bacteria         5449        104            58        11    92   1    0    0   0       90.60            1.72               0.00          
  bin_37       Bacteria         5449        104            58        7     95   2    0    0   0       90.36            3.45               0.00          
  bin_9        Bacteria         5449        104            58        9     79   12   3    1   0       87.77           28.34               0.00          
  bin_32       Bacteria         5449        104            58        11    93   0    0    0   0       87.62            0.00               0.00          
  bin_59       Bacteria         5449        104            58        9     95   0    0    0   0       87.07            0.00               0.00          
  bin_45       Bacteria         5449        104            58        29    75   0    0    0   0       86.52            0.00               0.00          
  bin_50       Bacteria         5449        104            58        10    93   1    0    0   0       86.21            1.72               0.00          
  bin_53       Bacteria         5449        104            58        37    63   4    0    0   0       83.86            6.03              50.00          
  bin_82       Bacteria         5449        104            58        16    62   20   4    1   1       82.84           52.07               0.00          
  bin_61       Bacteria         5449        104            58        13    88   3    0    0   0       82.60            5.17              33.33          
  bin_33       Bacteria         5449        104            58        41    61   1    1    0   0       82.41            5.17              50.00          
  bin_80       Bacteria         5449        104            58        14    89   1    0    0   0       82.29            1.72               0.00          
  bin_67       Bacteria         5449        104            58        25    73   5    1    0   0       82.01            9.64              12.50          
  bin_66       Bacteria         5449        104            58        24    73   6    1    0   0       81.50           10.92              11.11          
  bin_42       Bacteria         5449        104            58        16    83   5    0    0   0       81.27            4.31              100.00         
  bin_31       Bacteria         5449        104            58        39    60   5    0    0   0       77.43            6.90              40.00          
  bin_1        Bacteria         5449        104            58        30    73   1    0    0   0       77.39            1.72               0.00          
  bin_79       Bacteria         5449        104            58        25    63   14   2    0   0       77.24           13.09               0.00          
  bin_39       Bacteria         5449        104            58        19    74   9    2    0   0       76.77           13.11              13.33          
  bin_86       Bacteria         5449        104            58        14    88   2    0    0   0       76.72            2.59              50.00          
  bin_84       Bacteria         5449        104            58        29    68   7    0    0   0       76.55           11.21               0.00          
  bin_68       Bacteria         5449        104            58        20    74   8    2    0   0       76.04           15.52               0.00          
  bin_70       Bacteria         5449        104            58        44    53   7    0    0   0       75.97            9.48               0.00          
  bin_5        Bacteria         5449        104            58        41    61   2    0    0   0       75.55            3.45              50.00          
  bin_56       Bacteria         5449        104            58        22    81   1    0    0   0       74.92            0.86               0.00          
  bin_11       Bacteria         5449        104            58        20    65   16   3    0   0       74.82           23.35               0.00          
  bin_12       Bacteria         5449        104            58        46    54   4    0    0   0       74.37            6.90              75.00          
  bin_62       Bacteria         5449        104            58        32    71   1    0    0   0       74.14            1.72              100.00         
  bin_65       Bacteria         5449        104            58        26    37   18   16   6   1       69.56           42.12               4.46          
  bin_40       Bacteria         5449        104            58        28    75   1    0    0   0       68.90            1.72               0.00          
  bin_19       Bacteria         5449        104            58        22    79   3    0    0   0       68.10            3.61              33.33          
  bin_85       Bacteria         5449        104            58        28    63   11   2    0   0       67.82           10.74               0.00          
  bin_28       Bacteria         5449        104            58        58    44   2    0    0   0       67.59            3.45              50.00          
  bin_25       Bacteria         5449        104            58        36    64   3    1    0   0       67.40            7.76               0.00          
  bin_3        Bacteria         5449        104            58        32    67   5    0    0   0       63.44            7.76              20.00          
  bin_98       Bacteria         5449        104            58        33    71   0    0    0   0       62.12            0.00               0.00          
  bin_87       Bacteria         5449        104            58        52    41   8    3    0   0       60.89           14.66              41.18          
  bin_101      Bacteria         5449        104            58        45    33   26   0    0   0       60.66           13.95              92.31          
  bin_52       Bacteria         5449        104            58        36    67   1    0    0   0       59.64            1.72               0.00          
  bin_60       Bacteria         5449        104            58        64    39   1    0    0   0       58.62            1.72               0.00          
  bin_99       Bacteria         5449        104            58        51    33   20   0    0   0       57.68           10.82              100.00         
  bin_78       Bacteria         5449        104            58        34    67   2    1    0   0       57.18            5.17               0.00          
  bin_54       Bacteria         5449        104            58        39    61   4    0    0   0       56.68            5.17               0.00          
  bin_20       Bacteria         5449        104            58        36    55   11   2    0   0       54.92            7.58               5.88          
  bin_58       Bacteria         5449        104            58        35    69   0    0    0   0       48.12            0.00               0.00          
  bin_26       Bacteria         5449        104            58        54    43   6    1    0   0       45.61           11.21              88.89          
  bin_88       Bacteria         5449        104            58        60    43   1    0    0   0       45.20            1.72               0.00          
  bin_30       Bacteria         5449        104            58        67    33   3    1    0   0       45.14            6.90              83.33          
  bin_71       Bacteria         5449        104            58        56    48   0    0    0   0       44.28            0.00               0.00          
  bin_0        Bacteria         5449        104            58        50    50   4    0    0   0       40.99            3.03              50.00          
  bin_51       Bacteria         5449        104            58        52    51   1    0    0   0       40.60            1.72               0.00          
  bin_96       Bacteria         5449        104            58        62    41   1    0    0   0       40.28            1.72              100.00         
  bin_18       Bacteria         5449        104            58        59    44   1    0    0   0       39.58            1.72               0.00          
  bin_95       Bacteria         5449        104            58        65    39   0    0    0   0       36.52            0.00               0.00          
  bin_103      Bacteria         5449        104            58        54    47   0    2    1   0       35.86           12.07              50.00          
  bin_43       Bacteria         5449        104            58        66    34   3    1    0   0       32.60            0.78              66.67          
  bin_2        Bacteria         5449        104            58        64    40   0    0    0   0       31.19            0.00               0.00          
  bin_17       Bacteria         5449        104            58        67    35   1    0    1   0       29.62            6.90              28.57          
  bin_69       Bacteria         5449        104            58        51    53   0    0    0   0       25.71            0.00               0.00          
  bin_15       Bacteria         5449        104            58        66    38   0    0    0   0       20.53            0.00               0.00          
--------------------------------------------------------------------------------------------------------------------------------------------------------
